,Year,DOY,Hour,Minute,By,Bz,Vx,Vy,Vz,PDYN,SYMH,N,B
0,2004,129,9,5,0.29,-3.84,-471.1,15.1,-29.6,1.5925011732,-9,0.9000104683354891,0.9815696504076242
1,2004,129,9,25,-0.96,-2.48,-470.1,8.7,-13.7,1.7435082331999998,-11,0.9000104683354891,0.9815696504076242
2,2004,129,9,45,-3.51,-1.93,-492.1,-24.8,-23.6,1.606007106,-16,0.9000104683354891,0.9815696504076242
3,2004,129,10,5,-1.47,-1.04,-479.8,-16.3,-7.4,1.5675937320000002,-19,0.9000104683354891,0.9815696504076242
4,2004,129,10,25,-2.23,-2.27,-480.2,-11.6,-28.1,1.6483954151999998,-19,0.9000104683354891,0.9815696504076242
5,2004,129,10,45,-3.39,0.78,-503.4,0.8,-3.6,1.4749344312,-19,0.9000104683354891,0.9815696504076242
6,2004,129,11,5,-4.79,-0.29,-494.1,-19.4,-15.9,1.4294216432,-21,0.9000104683354891,0.9815696504076242
7,2004,129,11,25,-4.68,0.26,-496.4,-17.2,-6.6,1.3176576024,-17,0.9000104683354891,0.9815696504076242
8,2004,129,11,45,-4.38,1.22,-499.1,-20.1,4.2,1.4971347600000002,-13,0.9000104683354891,0.9815696504076242
9,2004,129,12,5,-4.21,-0.72,-499.3,-17.7,-13.0,1.5236749580000002,-8,0.9000104683354891,0.9815696504076242
10,2004,129,12,25,-4.08,1.16,-499.5,-22.8,-4.4,1.5752485349999998,-9,0.9000104683354891,0.9815696504076242
11,2004,129,12,45,-4.84,0.16,-490.5,-19.9,-11.7,1.5480106230000001,-13,0.9000104683354891,0.9815696504076242
12,2004,129,13,5,-4.64,-0.42,-477.9,-20.3,-17.9,1.4572089875999998,-15,0.9000104683354891,0.9815696504076242
