,VGSEX,VGSEY,VGSEZ,PDYN,Dst,B0y,B0z,XIND,PS,IOPT
0,-469.8,11.1,-28.9,1.5827270843999997,-18,-2.1937056196219222,-3.5774276258449813,0.8470757524276379,0.2768,3
1,-469.8,11.1,-28.9,1.5827270843999997,-12,-1.4625059702520908,-2.38500973610341,0.5647308983028976,0.2768,3
2,-469.8,11.1,-28.9,1.5827270843999997,-18,-2.2093778363827816,-3.6029853947165362,0.8531274098087237,0.2768,3
3,-469.8,11.1,-28.9,1.5827270843999997,-18,-2.182442224193891,-3.5590596271469606,0.842726513828006,0.2768,3
4,-469.8,11.1,-28.9,1.5827270843999997,-13,-1.5210666196073783,-2.480508641205879,0.5873434611151451,0.2768,3
5,-469.8,11.1,-28.9,1.5827270843999997,-18,-2.1808029697020053,-3.5563863813601935,0.8420935333953926,0.2768,3
6,-469.8,11.1,-28.9,1.5827270843999997,-14,-1.7262912968500106,-2.81518273024771,0.666588755623705,0.2768,3
7,-469.8,11.1,-28.9,1.5827270843999997,-13,-1.6047355925736009,-2.616953427889257,0.619651332142264,0.2768,3
8,-469.8,11.1,-28.9,1.5827270843999997,-13,-1.6186641051674426,-2.639667617657676,0.6250296769758154,0.2768,3
9,-469.8,11.1,-28.9,1.5827270843999997,-13,-1.5971806431311104,-2.6046330487984264,0.6167340699415803,0.2768,3
10,-469.8,11.1,-28.9,1.5827270843999997,-17,-2.0582453033770434,-3.3565231101225637,0.7947692130812183,0.2768,3
11,-469.8,11.1,-28.9,1.5827270843999997,-20,-2.4339125393121246,-3.969149679493619,0.939829062358973,0.2768,3
12,-469.8,11.1,-28.9,1.5827270843999997,-13,-1.5499375637934256,-2.5275904886477405,0.5984916646621221,0.2768,3
13,-469.8,11.1,-28.9,1.5827270843999997,-16,-1.952028955387088,-3.1833087580158668,0.7537549165006159,0.2768,3
14,-469.8,11.1,-28.9,1.5827270843999997,-14,-1.6552923977738747,-2.6993999102158575,0.6391732969046738,0.2768,3
15,-469.8,11.1,-28.9,1.5827270843999997,-15,-1.841955051283006,-3.003803622092287,0.7112510662539805,0.2768,3
16,-469.8,11.1,-28.9,1.5827270843999997,-14,-1.6314120984357572,-2.6604566528336964,0.6299521770109664,0.2768,3
17,-469.8,11.1,-28.9,1.5827270843999997,-14,-1.7168554842253574,-2.7997950973521215,0.6629452184018912,0.2768,3
18,-469.8,11.1,-28.9,1.5827270843999997,-12,-1.463720861127466,-2.386990942761714,0.5652000153043634,0.2768,3
19,-469.8,11.1,-28.9,1.5827270843999997,-16,-1.9226551429951373,-3.1354068485766855,0.7424125358224517,0.2768,3
20,-469.8,11.1,-28.9,1.5827270843999997,-19,-2.2530333816057073,-3.6741775146185387,0.8699845275033585,0.2768,3
21,-469.8,11.1,-28.9,1.5827270843999997,-17,-2.0580355567311406,-3.3561810617461676,0.7946882216773087,0.2768,3
22,-469.8,11.1,-28.9,1.5827270843999997,-15,-1.8077163308046986,-2.947968170235355,0.6980301538161847,0.2768,3
23,-469.8,11.1,-28.9,1.5827270843999997,-17,-2.087255376847773,-3.4038318453209833,0.8059711399001113,0.2768,3
24,-469.8,11.1,-28.9,1.5827270843999997,-14,-1.6847940454152426,-2.747510289446396,0.650565039784912,0.2768,3
25,-469.8,11.1,-28.9,1.5827270843999997,-17,-2.0865115853193883,-3.402618892982387,0.8056839328277856,0.2768,3
26,-469.8,11.1,-28.9,1.5827270843999997,-17,-2.104312748285177,-3.4316484818189044,0.8125576598121435,0.2768,3
27,-469.8,11.1,-28.9,1.5827270843999997,-18,-2.1185427827832752,-3.4548543842311874,0.8180524340752577,0.2768,3
28,-469.8,11.1,-28.9,1.5827270843999997,-15,-1.7602121701833098,-2.8704998467604748,0.6796869348163894,0.2768,3
29,-469.8,11.1,-28.9,1.5827270843999997,-14,-1.7099262799476909,-2.7884951642223883,0.6602695809440993,0.2768,3
