,VGSEX,VGSEY,VGSEZ,PDYN,Dst,B0y,B0z,XIND,PS,IOPT
0,-405.3296839173031,0,0,1.173045970024536,-16.0,-1.95,-3.18,0.5178032366322992,0.2768,3
1,-443.89569615969856,0,0,1.4068897979533983,-16.0,-1.95,-3.18,0.6498993033168181,0.2768,3
2,-449.65968955866947,0,0,1.4436639919959529,-16.0,-1.95,-3.18,0.6712025943116117,0.2768,3
3,-380.89079969098776,0,0,1.0358555012051747,-16.0,-1.95,-3.18,0.4432461193291922,0.2768,3
4,-446.02566597796033,0,0,1.4204237082371327,-16.0,-1.95,-3.18,0.6577235036051466,0.2768,3
5,-354.51889129615296,0,0,0.897381220200994,-16.0,-1.95,-3.18,0.37046074160613557,0.2768,3
6,-440.04751817311296,0,0,1.3826025823072574,-16.0,-1.95,-3.18,0.6359056380897842,0.2768,3
7,-445.09546353758316,0,0,1.414505197664795,-16.0,-1.95,-3.18,0.6542996010454014,0.2768,3
8,-406.7971655344141,0,0,1.181555287951991,-16.0,-1.95,-3.18,0.5225026906104998,0.2768,3
9,-428.4667334897683,0,0,1.3107879157907796,-16.0,-1.95,-3.18,0.5948897788740245,0.2768,3
10,-434.39802216405565,0,0,1.3473297214527096,-16.0,-1.95,-3.18,0.6156917492191545,0.2768,3
11,-438.01947430638654,0,0,1.3698879674835325,-16.0,-1.95,-3.18,0.6286042091509605,0.2768,3
12,-374.14964690486204,0,0,0.999514022112295,-16.0,-1.95,-3.18,0.42389381995062386,0.2768,3
13,-423.40847366006875,0,0,1.2800216119494447,-16.0,-1.95,-3.18,0.577487514297332,0.2768,3
14,-374.46738853900405,0,0,1.001212391065641,-16.0,-1.95,-3.18,0.42479435878091343,0.2768,3
15,-367.0518866457117,0,0,0.9619514046798594,-16.0,-1.95,-3.18,0.40407537754712414,0.2768,3
16,-398.3134099397892,0,0,1.1327865079203387,-16.0,-1.95,-3.18,0.4956853181274082,0.2768,3
17,-369.5031155587119,0,0,0.9748424241902268,-16.0,-1.95,-3.18,0.41085539790154446,0.2768,3
18,-426.0475582382771,0,0,1.2960279662288983,-16.0,-1.95,-3.18,0.5865282534826747,0.2768,3
19,-434.6718022823019,0,0,1.3490285704933198,-16.0,-1.95,-3.18,0.6166623098459451,0.2768,3
20,-395.6338646376505,0,0,1.1175967456155964,-16.0,-1.95,-3.18,0.4873908610048962,0.2768,3
21,-397.15966610957696,0,0,1.1262336147436924,-16.0,-1.95,-3.18,0.4921036405837662,0.2768,3
22,-445.8689599177759,0,0,1.419425784045657,-16.0,-1.95,-3.18,0.6571459465875273,0.2768,3
23,-365.93887861371604,0,0,0.9561264169707969,-16.0,-1.95,-3.18,0.4010191553255473,0.2768,3
24,-408.7734102429407,0,0,1.1930633045805346,-16.0,-1.95,-3.18,0.5288717032831195,0.2768,3
25,-445.5805880476943,0,0,1.4175903115767932,-16.0,-1.95,-3.18,0.6560839165405328,0.2768,3
26,-408.66297850696645,0,0,1.192418770215603,-16.0,-1.95,-3.18,0.528514583753238,0.2768,3
27,-350.63648759770643,0,0,0.8778340575448756,-16.0,-1.95,-3.18,0.36040142857357066,0.2768,3
28,-379.6369954219065,0,0,1.0290471328118245,-16.0,-1.95,-3.18,0.4396074609847367,0.2768,3
29,-422.0704553140715,0,0,1.2719443704380573,-16.0,-1.95,-3.18,0.5729360081052329,0.2768,3
