,Year,DOY,Hour,Minute,By,Bz,Vx,Vy,Vz,PDYN,SYMH,N,B
0,2004,129,9,5,0.29,-3.84,-447.20363563366453,15.1,-29.6,1.4358201687091272,-9,0.8399647998474239,0.8623756443675924
1,2004,129,9,25,-0.96,-2.48,-447.20363563366453,8.7,-13.7,1.578005237184863,-11,0.8399647998474239,0.8623756443675924
2,2004,129,9,45,-3.51,-1.93,-447.20363563366453,-24.8,-23.6,1.3276764053781847,-16,0.8399647998474239,0.8623756443675924
3,2004,129,10,5,-1.47,-1.04,-447.20363563366453,-16.3,-7.4,1.3621184837229785,-19,0.8399647998474239,0.8623756443675924
4,2004,129,10,25,-2.23,-2.27,-447.20363563366453,-11.6,-28.1,1.4305166634746478,-19,0.8399647998474239,0.8623756443675924
5,2004,129,10,45,-3.39,0.78,-447.20363563366453,0.8,-3.6,1.1640273058334905,-19,0.8399647998474239,0.8623756443675924
6,2004,129,11,5,-4.79,-0.29,-447.20363563366453,-19.4,-15.9,1.1716223284679694,-21,0.8399647998474239,0.8623756443675924
7,2004,129,11,25,-4.68,0.26,-447.20363563366453,-17.2,-6.6,1.0697648258059858,-17,0.8399647998474239,0.8623756443675924
8,2004,129,11,45,-4.38,1.22,-447.20363563366453,-20.1,4.2,1.2024764503438046,-13,0.8399647998474239,0.8623756443675924
9,2004,129,12,5,-4.21,-0.72,-447.20363563366453,-17.7,-13.0,1.2228876285162011,-8,0.8399647998474239,0.8623756443675924
10,2004,129,12,25,-4.08,1.16,-447.20363563366453,-22.8,-4.4,1.2633408378609945,-9,0.8399647998474239,0.8623756443675924
11,2004,129,12,45,-4.84,0.16,-447.20363563366453,-19.9,-11.7,1.2873640268678708,-13,0.8399647998474239,0.8623756443675924
12,2004,129,13,5,-4.64,-0.42,-447.20363563366453,-20.3,-17.9,1.2766020433644327,-15,0.8399647998474239,0.8623756443675924
