,VGSEX,VGSEY,VGSEZ,PDYN,B0y,B0z,XIND,PS,IOPT
0,-469.8,11.1,-28.9,1.5827270843999997,-1.5304451385072535,-2.4958028412579827,0.5909648749834004,0.2768,2
1,-469.8,11.1,-28.9,1.5827270843999997,-2.309067884414773,-3.765556857661015,0.8916216460867894,0.2768,2
2,-469.8,11.1,-28.9,1.5827270843999997,-1.762159780435238,-2.8736759496328497,0.6804389834982323,0.2768,2
3,-469.8,11.1,-28.9,1.5827270843999997,-1.7604192604292235,-2.870837563161503,0.6797669004801088,0.2768,2
4,-469.8,11.1,-28.9,1.5827270843999997,-1.844309426540244,-3.007643064819475,0.7121601828531646,0.2768,2
5,-469.8,11.1,-28.9,1.5827270843999997,-1.870794609040581,-3.0508342855123325,0.7223871502702982,0.2768,2
6,-469.8,11.1,-28.9,1.5827270843999997,-2.104432090061084,-3.4318431007149988,0.812603742351076,0.2768,2
7,-469.8,11.1,-28.9,1.5827270843999997,-1.508724644327994,-2.4603817276733446,0.5825777405450218,0.2768,2
8,-469.8,11.1,-28.9,1.5827270843999997,-2.345693774534675,-3.8252852323180853,0.9057643383213995,0.2768,2
9,-469.8,11.1,-28.9,1.5827270843999997,-1.6650538197882303,-2.715318536885422,0.6429425646786237,0.2768,2
10,-469.8,11.1,-28.9,1.5827270843999997,-1.4749314963154625,-2.405272901683677,0.5695288811066495,0.2768,2
11,-469.8,11.1,-28.9,1.5827270843999997,-1.5005497680175282,-2.447050390920892,0.5794211002739882,0.2768,2
12,-469.8,11.1,-28.9,1.5827270843999997,-2.227308842096616,-3.632226727111404,0.8600512741690878,0.2768,2
13,-469.8,11.1,-28.9,1.5827270843999997,-2.0503382889218953,-3.34362859424186,0.7917160047750804,0.2768,2
14,-469.8,11.1,-28.9,1.5827270843999997,-2.2816228982416646,-3.720800418671023,0.881024060838793,0.2768,2
15,-469.8,11.1,-28.9,1.5827270843999997,-2.203721021793701,-3.5937604355404975,0.8509430918986411,0.2768,2
16,-469.8,11.1,-28.9,1.5827270843999997,-2.0658956173537626,-3.368999006761521,0.7977232992677021,0.2768,2
17,-469.8,11.1,-28.9,1.5827270843999997,-1.6916176757658625,-2.7586380558643295,0.6531999110100382,0.2768,2
18,-469.8,11.1,-28.9,1.5827270843999997,-1.9583851232284826,-3.193674200957218,0.7562092821222591,0.2768,2
19,-469.8,11.1,-28.9,1.5827270843999997,-2.2065199017007893,-3.5983247627735953,0.8520238491716519,0.2768,2
20,-469.8,11.1,-28.9,1.5827270843999997,-2.39689676374396,-3.908785491643997,0.9255358200658257,0.2768,2
21,-469.8,11.1,-28.9,1.5827270843999997,-1.8675401845628996,-3.0455270702102673,0.721130489377199,0.2768,2
22,-469.8,11.1,-28.9,1.5827270843999997,-1.6425580031306057,-2.678633051259142,0.6342560478318393,0.2768,2
23,-469.8,11.1,-28.9,1.5827270843999997,-1.661334672489749,-2.70925346590636,0.6415064560831626,0.2768,2
24,-469.8,11.1,-28.9,1.5827270843999997,-1.8366861308158555,-2.9952112287150876,0.7092165294732605,0.2768,2
25,-469.8,11.1,-28.9,1.5827270843999997,-1.64150879919462,-2.676922041763534,0.6338509090540673,0.2768,2
26,-469.8,11.1,-28.9,1.5827270843999997,-1.5095724082407351,-2.461764234977199,0.5829050954315856,0.2768,2
27,-469.8,11.1,-28.9,1.5827270843999997,-2.198370677114809,-3.58503525806415,0.8488771140372173,0.2768,2
28,-469.8,11.1,-28.9,1.5827270843999997,-2.0378621114361875,-3.323282827880552,0.7868984634711802,0.2768,2
29,-469.8,11.1,-28.9,1.5827270843999997,-2.4314766148707028,-3.9651772488660693,0.9388884564223251,0.2768,2
