,VGSEX,VGSEY,VGSEZ,PDYN,B0y,B0z,XIND,PS,IOPT
0,-469.8,11.1,-28.9,1.5827270843999997,-1.9631539611048834,-3.2014510750325793,0.7580507174070236,0.2768,2
1,-469.8,11.1,-28.9,1.5827270843999997,-1.8661226155756403,-3.0432153423233523,0.7205831104099574,0.2768,2
2,-469.8,11.1,-28.9,1.5827270843999997,-2.2382133311963734,-3.6500094324125474,0.8642619249630661,0.2768,2
3,-469.8,11.1,-28.9,1.5827270843999997,-1.890511143875987,-3.082987403859302,0.7300004774330584,0.2768,2
4,-469.8,11.1,-28.9,1.5827270843999997,-1.943299764460229,-3.169073462042835,0.7503842336221502,0.2768,2
5,-469.8,11.1,-28.9,1.5827270843999997,-2.2236877468351595,-3.6263215563773374,0.8586530273096303,0.2768,2
6,-469.8,11.1,-28.9,1.5827270843999997,-1.590823662152433,-2.594266279817814,0.6142793903357501,0.2768,2
7,-469.8,11.1,-28.9,1.5827270843999997,-2.2593977433657226,-3.684556319950256,0.8724420571182554,0.2768,2
8,-469.8,11.1,-28.9,1.5827270843999997,-1.7538808493460765,-2.8601749235489864,0.6772421635972755,0.2768,2
9,-469.8,11.1,-28.9,1.5827270843999997,-2.17218774756678,-3.5423369421858264,0.8387668583359629,0.2768,2
10,-469.8,11.1,-28.9,1.5827270843999997,-1.8277764374144598,-2.9806815748605042,0.7057761475120804,0.2768,2
11,-469.8,11.1,-28.9,1.5827270843999997,-1.7856388908373335,-2.911964960442421,0.6895051886135816,0.2768,2
12,-469.8,11.1,-28.9,1.5827270843999997,-2.3662132199937913,-3.85874771260526,0.9136877007571829,0.2768,2
13,-469.8,11.1,-28.9,1.5827270843999997,-2.2417202245679437,-3.655728366218493,0.8656160739951131,0.2768,2
14,-469.8,11.1,-28.9,1.5827270843999997,-2.214475262197283,-3.6112981198909546,0.8550957257799466,0.2768,2
15,-469.8,11.1,-28.9,1.5827270843999997,-1.6061043381397304,-2.6191855360432528,0.6201798584722967,0.2768,2
16,-469.8,11.1,-28.9,1.5827270843999997,-2.3917951959155723,-3.9004660118007797,0.9235659047006377,0.2768,2
17,-469.8,11.1,-28.9,1.5827270843999997,-1.587389587375761,-2.588666096335857,0.6129533594183275,0.2768,2
18,-469.8,11.1,-28.9,1.5827270843999997,-1.6257470475063893,-2.6512182620873426,0.6277646787269615,0.2768,2
19,-469.8,11.1,-28.9,1.5827270843999997,-2.008996148409198,-3.2762091035596157,0.775752183345021,0.2768,2
20,-469.8,11.1,-28.9,1.5827270843999997,-2.1811920048079596,-3.557020807840673,0.8422437551034239,0.2768,2
21,-469.8,11.1,-28.9,1.5827270843999997,-1.5200162228976501,-2.478795686571553,0.586937861760664,0.2768,2
22,-469.8,11.1,-28.9,1.5827270843999997,-2.056788725695703,-3.3541477680576084,0.7942067713277057,0.2768,2
23,-469.8,11.1,-28.9,1.5827270843999997,-1.7200379983639469,-2.8049850434858214,0.6641741118935449,0.2768,2
24,-469.8,11.1,-28.9,1.5827270843999997,-1.7344625611054223,-2.8285081765719196,0.6697440011386574,0.2768,2
25,-469.8,11.1,-28.9,1.5827270843999997,-2.4282416523937065,-3.9599017715958906,0.9376393105707731,0.2768,2
26,-469.8,11.1,-28.9,1.5827270843999997,-2.2000549973305286,-3.5877819956467083,0.8495274961127784,0.2768,2
27,-469.8,11.1,-28.9,1.5827270843999997,-2.345924451625544,-3.8256614134201183,0.9058534117907694,0.2768,2
28,-469.8,11.1,-28.9,1.5827270843999997,-2.361332071076271,-3.8507876851397653,0.9118028977758545,0.2768,2
29,-469.8,11.1,-28.9,1.5827270843999997,-1.5032442090571698,-2.451444402462462,0.5804615296053495,0.2768,2
