,PDYN,B0y,B0z,XIND
0,3.0,-2.8,3.8,1.0
1,3.0,-5.76,3.8,1.0
2,3.0,1.84,3.8,1.0
3,3.0,3.4,3.8,1.0
4,3.0,4.13,3.8,1.0
5,3.0,-3.37,3.8,1.0
6,3.0,-1.16,3.8,1.0
7,3.0,-0.7,3.8,1.0
8,3.0,-1.14,3.8,1.0
9,3.0,4.59,3.8,1.0
10,3.0,0.8,3.8,1.0
11,3.0,0.57,3.8,1.0
12,3.0,2.62,3.8,1.0
13,3.0,-4.48,3.8,1.0
14,3.0,5.09,3.8,1.0
15,3.0,-0.49,3.8,1.0
16,3.0,-2.49,3.8,1.0
17,3.0,2.15,3.8,1.0
18,3.0,-7.05,3.8,1.0
19,3.0,1.31,3.8,1.0
20,3.0,2.15,3.8,1.0
21,3.0,-4.34,3.8,1.0
22,3.0,1.6,3.8,1.0
23,3.0,4.06,3.8,1.0
24,3.0,-2.14,3.8,1.0
25,3.0,-0.04,3.8,1.0
26,3.0,0.11,3.8,1.0
27,3.0,-0.08,3.8,1.0
28,3.0,-0.95,3.8,1.0
29,3.0,1.94,3.8,1.0
30,3.0,5.26,3.8,1.0
31,3.0,-1.9,3.8,1.0
32,3.0,-3.26,3.8,1.0
33,3.0,-5.36,3.8,1.0
34,3.0,4.72,3.8,1.0
35,3.0,-3.3,3.8,1.0
36,3.0,-5.63,3.8,1.0
37,3.0,-4.56,3.8,1.0
38,3.0,-0.73,3.8,1.0
39,3.0,5.45,3.8,1.0
40,3.0,1.83,3.8,1.0
41,3.0,1.25,3.8,1.0
42,3.0,0.81,3.8,1.0
43,3.0,2.92,3.8,1.0
44,3.0,0.82,3.8,1.0
45,3.0,-1.87,3.8,1.0
46,3.0,-2.25,3.8,1.0
47,3.0,-5.06,3.8,1.0
48,3.0,-2.82,3.8,1.0
49,3.0,1.92,3.8,1.0
50,3.0,1.28,3.8,1.0
51,3.0,0.91,3.8,1.0
52,3.0,-1.93,3.8,1.0
53,3.0,4.48,3.8,1.0
54,3.0,7.41,3.8,1.0
55,3.0,-4.2,3.8,1.0
56,3.0,-8.21,3.8,1.0
57,3.0,-0.45,3.8,1.0
58,3.0,-0.89,3.8,1.0
59,3.0,-4.94,3.8,1.0
60,3.0,-3.38,3.8,1.0
61,3.0,-1.01,3.8,1.0
62,3.0,-3.94,3.8,1.0
63,3.0,1.87,3.8,1.0
64,3.0,1.49,3.8,1.0
65,3.0,-2.04,3.8,1.0
66,3.0,9.24,3.8,1.0
67,3.0,5.46,3.8,1.0
68,3.0,4.74,3.8,1.0
69,3.0,-1.58,3.8,1.0
70,3.0,4.88,3.8,1.0
71,3.0,-4.89,3.8,1.0
72,3.0,-3.71,3.8,1.0
73,3.0,4.24,3.8,1.0
74,3.0,-2.64,3.8,1.0
75,3.0,3.74,3.8,1.0
76,3.0,1.91,3.8,1.0
77,3.0,2.76,3.8,1.0
78,3.0,3.82,3.8,1.0
79,3.0,4.29,3.8,1.0
80,3.0,8.11,3.8,1.0
81,3.0,-1.96,3.8,1.0
82,3.0,-2.26,3.8,1.0
83,3.0,-0.13,3.8,1.0
84,3.0,3.64,3.8,1.0
85,3.0,1.08,3.8,1.0
86,3.0,-1.17,3.8,1.0
87,3.0,-3.9,3.8,1.0
88,3.0,-2.2,3.8,1.0
89,3.0,-1.37,3.8,1.0
90,3.0,-2.6,3.8,1.0
91,3.0,6.64,3.8,1.0
92,3.0,-5.03,3.8,1.0
93,3.0,8.49,3.8,1.0
94,3.0,-3.49,3.8,1.0
95,3.0,-3.67,3.8,1.0
96,3.0,-3.82,3.8,1.0
97,3.0,-1.74,3.8,1.0
98,3.0,-1.58,3.8,1.0
99,3.0,-4.17,3.8,1.0
