,PDYN,B0y,B0z,XIND,VGSEX,VGSEY,VGSEZ
0,1.4300000000000002,1,2.77,0,-400.0,0.0,0.0
1,2.0,1,6.38,0,-400.0,0.0,0.0
2,3.0100000000000002,1,5.109999999999999,0,-400.0,0.0,0.0
3,1.3800000000000001,1,3.95,0,-400.0,0.0,0.0
4,2.64,1,6.029999999999999,0,-400.0,0.0,0.0
5,2.7600000000000002,1,2.77,0,-400.0,0.0,0.0
6,2.37,1,2.5900000000000003,0,-400.0,0.0,0.0
7,1.05,1,6.76,0,-400.0,0.0,0.0
8,2.93,1,6.949999999999999,0,-400.0,0.0,0.0
9,2.36,1,6.2299999999999995,0,-400.0,0.0,0.0
10,1.7100000000000002,1,2.5500000000000003,0,-400.0,0.0,0.0
11,3.0300000000000002,1,6.77,0,-400.0,0.0,0.0
12,2.77,1,6.1,0,-400.0,0.0,0.0
13,1.84,1,5.13,0,-400.0,0.0,0.0
14,2.02,1,7.3,0,-400.0,0.0,0.0
15,2.94,1,6.35,0,-400.0,0.0,0.0
16,2.2800000000000002,1,4.369999999999999,0,-400.0,0.0,0.0
17,2.73,1,4.6499999999999995,0,-400.0,0.0,0.0
18,1.6300000000000001,1,6.489999999999999,0,-400.0,0.0,0.0
19,2.29,1,6.06,0,-400.0,0.0,0.0
20,1.76,1,5.609999999999999,0,-400.0,0.0,0.0
21,2.35,1,5.18,0,-400.0,0.0,0.0
22,1.1300000000000001,1,0.73,0,-400.0,0.0,0.0
23,1.8800000000000001,1,3.4,0,-400.0,0.0,0.0
24,1.9100000000000001,1,7.569999999999999,0,-400.0,0.0,0.0
25,2.09,1,5.2299999999999995,0,-400.0,0.0,0.0
26,2.5,1,7.22,0,-400.0,0.0,0.0
27,1.4000000000000001,1,5.3999999999999995,0,-400.0,0.0,0.0
28,2.31,1,6.159999999999999,0,-400.0,0.0,0.0
29,2.27,1,5.609999999999999,0,-400.0,0.0,0.0
30,2.63,1,8.12,0,-400.0,0.0,0.0
31,2.3000000000000003,1,7.1,0,-400.0,0.0,0.0
32,2.44,1,4.58,0,-400.0,0.0,0.0
33,2.35,1,7.2299999999999995,0,-400.0,0.0,0.0
34,3.06,1,5.34,0,-400.0,0.0,0.0
35,1.51,1,7.409999999999999,0,-400.0,0.0,0.0
36,2.33,1,5.109999999999999,0,-400.0,0.0,0.0
37,2.13,1,3.83,0,-400.0,0.0,0.0
38,1.61,1,6.4399999999999995,0,-400.0,0.0,0.0
39,2.37,1,4.18,0,-400.0,0.0,0.0
40,1.77,1,4.909999999999999,0,-400.0,0.0,0.0
41,1.55,1,3.27,0,-400.0,0.0,0.0
42,1.37,1,6.3999999999999995,0,-400.0,0.0,0.0
43,2.65,1,4.909999999999999,0,-400.0,0.0,0.0
44,2.48,1,2.31,0,-400.0,0.0,0.0
45,2.2800000000000002,1,6.029999999999999,0,-400.0,0.0,0.0
46,2.2800000000000002,1,4.83,0,-400.0,0.0,0.0
47,2.54,1,4.68,0,-400.0,0.0,0.0
48,1.99,1,6.0,0,-400.0,0.0,0.0
49,2.15,1,3.86,0,-400.0,0.0,0.0
50,3.44,1,10.02,0,-400.0,0.0,0.0
51,1.61,1,5.1,0,-400.0,0.0,0.0
52,2.2,1,5.68,0,-400.0,0.0,0.0
53,1.85,1,4.529999999999999,0,-400.0,0.0,0.0
54,2.2,1,4.779999999999999,0,-400.0,0.0,0.0
55,2.64,1,3.74,0,-400.0,0.0,0.0
56,2.29,1,5.26,0,-400.0,0.0,0.0
57,2.19,1,6.3999999999999995,0,-400.0,0.0,0.0
58,2.69,1,5.9399999999999995,0,-400.0,0.0,0.0
59,2.86,1,6.6,0,-400.0,0.0,0.0
60,1.9300000000000002,1,8.27,0,-400.0,0.0,0.0
61,1.55,1,5.71,0,-400.0,0.0,0.0
62,2.6,1,7.63,0,-400.0,0.0,0.0
63,2.61,1,2.71,0,-400.0,0.0,0.0
64,1.6300000000000001,1,3.4,0,-400.0,0.0,0.0
65,2.31,1,4.02,0,-400.0,0.0,0.0
66,1.8,1,6.67,0,-400.0,0.0,0.0
67,3.64,1,1.37,0,-400.0,0.0,0.0
68,1.5,1,3.97,0,-400.0,0.0,0.0
69,1.6600000000000001,1,3.08,0,-400.0,0.0,0.0
70,3.11,1,5.9799999999999995,0,-400.0,0.0,0.0
71,2.71,1,2.79,0,-400.0,0.0,0.0
72,1.27,1,5.89,0,-400.0,0.0,0.0
73,2.48,1,5.6899999999999995,0,-400.0,0.0,0.0
74,1.4500000000000002,1,5.109999999999999,0,-400.0,0.0,0.0
75,1.87,1,2.64,0,-400.0,0.0,0.0
76,1.9600000000000002,1,5.13,0,-400.0,0.0,0.0
77,2.25,1,5.31,0,-400.0,0.0,0.0
78,2.37,1,2.85,0,-400.0,0.0,0.0
79,1.8,1,7.59,0,-400.0,0.0,0.0
80,2.5,1,0.77,0,-400.0,0.0,0.0
81,2.45,1,2.86,0,-400.0,0.0,0.0
82,1.7200000000000002,1,5.88,0,-400.0,0.0,0.0
83,1.99,1,3.97,0,-400.0,0.0,0.0
84,2.41,1,2.18,0,-400.0,0.0,0.0
85,1.61,1,3.75,0,-400.0,0.0,0.0
86,1.1400000000000001,1,4.239999999999999,0,-400.0,0.0,0.0
87,1.2100000000000002,1,5.88,0,-400.0,0.0,0.0
88,3.3000000000000003,1,4.85,0,-400.0,0.0,0.0
89,2.35,1,3.8200000000000003,0,-400.0,0.0,0.0
90,3.0500000000000003,1,4.06,0,-400.0,0.0,0.0
91,2.67,1,0.9299999999999999,0,-400.0,0.0,0.0
92,1.34,1,2.06,0,-400.0,0.0,0.0
93,1.36,1,4.859999999999999,0,-400.0,0.0,0.0
94,2.73,1,3.8200000000000003,0,-400.0,0.0,0.0
95,1.9600000000000002,1,4.319999999999999,0,-400.0,0.0,0.0
96,1.9100000000000001,1,2.21,0,-400.0,0.0,0.0
97,2.22,1,6.2299999999999995,0,-400.0,0.0,0.0
98,1.82,1,7.18,0,-400.0,0.0,0.0
99,1.9200000000000002,1,5.1,0,-400.0,0.0,0.0
