2004 129  0   4.2  485.  -0.1   0.7 27
2004 129  1   4.7  486.  -1.0   0.0 27
2004 129  2   4.0  488.   0.2  -0.1 27
2004 129  3   4.5  507.  -0.3   0.6 27
2004 129  4   4.8  502.  -1.6  -0.3 27
2004 129  5   4.9  504.   3.1   1.0 27
2004 129  6   5.7  498.   0.8   2.5 17
2004 129  7   5.4  484.  -0.3  -0.6 17
2004 129  8   5.4  481.  -0.8  -2.0 17
2004 129  9   4.6  483.  -0.3  -3.1 20
2004 129 10   3.9  485.  -0.3  -1.9 20
2004 129 11   4.8  496.  -1.9  -0.8 20
2004 129 12   4.9  497.  -2.0  -1.4 23
2004 129 13   4.9  479.  -2.1  -2.8 23
2004 129 14   4.8  475.  -1.8  -1.8 23
2004 129 15   5.1  469.  -1.5  -2.4 20
2004 129 16   4.7  466.  -1.4  -4.3 20
2004 129 17   4.4  471.  -1.5  -4.0 20
2004 129 18   4.0  465.  -0.7  -2.3 20
2004 129 19   4.3  472.  -1.7  -3.8 20
2004 129 20   4.4  457.  -1.7   0.4 20
2004 129 21   4.4  468.  -0.6   0.0 20
2004 129 22   4.4  466.  -1.9  -1.4 20
2004 129 23   4.3  457.  -0.9  -3.4 20
