,VGSEX,VGSEY,VGSEZ,PDYN,Dst,B0y,B0z,XIND,PS,IOPT
0,-364.4883196758416,0,0,0.9485613891860458,-9.0,-1.95,-3.18,0.3970569247158353,0.2768,3
1,-377.4293958226083,0,0,1.0171140546534763,-9.0,-1.95,-3.18,0.4332444822880746,0.2768,3
2,-387.622563494188,0,0,1.0727939373508133,-9.0,-1.95,-3.18,0.46309101961413957,0.2768,3
3,-399.43919763050803,0,0,1.139198942390447,-9.0,-1.95,-3.18,0.49919524205112875,0.2768,3
4,-409.9352604070343,0,0,1.1998549925563788,-9.0,-1.95,-3.18,0.5326377271556327,0.2768,3
5,-430.8334752128845,0,0,1.3253088312190393,-9.0,-1.95,-3.18,0.603138894775683,0.2768,3
6,-358.772822617894,0,0,0.9190460790993653,-9.0,-1.95,-3.18,0.38167400243359983,0.2768,3
7,-445.9502859997044,0,0,1.4199436351441774,-9.0,-1.95,-3.18,0.6574456445991506,0.2768,3
8,-354.76081607761904,0,0,0.8986063894957759,-9.0,-1.95,-3.18,0.3710930739793556,0.2768,3
9,-361.6618742423576,0,0,0.9339070825427335,-9.0,-1.95,-3.18,0.38940413349431025,0.2768,3
10,-355.38248887874346,0,0,0.9017585336877825,-9.0,-1.95,-3.18,0.37272094373653575,0.2768,3
11,-380.425830014925,0,0,1.0333280186977685,-9.0,-1.95,-3.18,0.4418946338743428,0.2768,3
12,-428.2251712036052,0,0,1.309310332381829,-9.0,-1.95,-3.18,0.5940516614280124,0.2768,3
13,-403.8252797691881,0,0,1.1643544759859341,-9.0,-1.95,-3.18,0.5130119625554621,0.2768,3
14,-424.09686095021203,0,0,1.2841871729202594,-9.0,-1.95,-3.18,0.5798376086059085,0.2768,3
15,-395.99778848803396,0,0,1.1196537342001336,-9.0,-1.95,-3.18,0.48851245069260846,0.2768,3
16,-353.1452163851748,0,0,0.890440423129926,-9.0,-1.95,-3.18,0.36688254931946285,0.2768,3
17,-446.0609706315264,0,0,1.4206485811780796,-9.0,-1.95,-3.18,0.6578536647188035,0.2768,3
18,-439.19722883828604,0,0,1.3772646295493007,-9.0,-1.95,-3.18,0.6328382395473118,0.2768,3
19,-432.4488912549835,0,0,1.3352659909303246,-9.0,-1.95,-3.18,0.6088084976167415,0.2768,3
20,-396.1808579743254,0,0,1.1206892036884464,-9.0,-1.95,-3.18,0.48907724383382045,0.2768,3
21,-397.8795093416759,0,0,1.1303198622313653,-9.0,-1.95,-3.18,0.49433649040863825,0.2768,3
22,-445.78059234881005,0,0,1.4188632027160715,-9.0,-1.95,-3.18,0.6568203926498555,0.2768,3
23,-399.24762245941685,0,0,1.1381064612420089,-9.0,-1.95,-3.18,0.4985969093315311,0.2768,3
24,-352.79547481169516,0,0,0.8886775799199312,-9.0,-1.95,-3.18,0.3659748576544487,0.2768,3
25,-355.17440304607345,0,0,0.9007028359750212,-9.0,-1.95,-3.18,0.3721755884185974,0.2768,3
26,-428.3614733029749,0,0,1.3101439599255083,-9.0,-1.95,-3.18,0.5945244840483208,0.2768,3
27,-375.63487797946107,0,0,1.0074651495001623,-9.0,-1.95,-3.18,0.42811309366370465,0.2768,3
28,-431.85973508084976,0,0,1.3316302117984864,-9.0,-1.95,-3.18,0.6067370570331336,0.2768,3
29,-359.89171761510835,0,0,0.9247874256327835,-9.0,-1.95,-3.18,0.38465675714004,0.2768,3
