,VGSEX,VGSEY,VGSEZ,PDYN,B0y,B0z,XIND,PS,IOPT
0,408.4199111817732,0,0,1.1910007222870544,-1.95,-3.18,0.5277290506132177,0.2768,2
1,436.0312180802654,0,0,1.357479813223598,-1.95,-3.18,0.6214950814646228,0.2768,2
2,435.01405346381273,0,0,1.3511537987166606,-1.95,-3.18,0.6178768932025693,0.2768,2
3,381.0108418341287,0,0,1.0365085277893813,-1.95,-3.18,0.44359543724193284,0.2768,2
4,434.09832123913304,0,0,1.3454712568688034,-1.95,-3.18,0.6146303498333082,0.2768,2
5,383.8469278741762,0,0,1.051996633234483,-1.95,-3.18,0.4518964278705647,0.2768,2
6,411.43230038519016,0,0,1.2086344798937803,-1.95,-3.18,0.5375138950378323,0.2768,2
7,381.2538665443918,0,0,1.0378312067910491,-1.95,-3.18,0.44430313514707953,0.2768,2
8,404.1623065993572,0,0,1.1662987943405891,-1.95,-3.18,0.5140830138457945,0.2768,2
9,354.49063561422224,0,0,0.8972381806705715,-1.95,-3.18,0.37038693034082487,0.2768,2
10,396.22192410590606,0,0,1.1209215458352106,-1.95,-3.18,0.48920399195570835,0.2768,2
11,418.24441729778346,0,0,1.2489887231694436,-1.95,-3.18,0.5600400910130252,0.2768,2
12,398.41323196091196,0,0,1.1333543582869916,-1.95,-3.18,0.49599593791643737,0.2768,2
13,368.9021393339093,0,0,0.9716739492126641,-1.95,-3.18,0.4091868516636634,0.2768,2
14,388.5668182847872,0,0,1.0780269900218145,-1.95,-3.18,0.4659164172279122,0.2768,2
15,421.03344449710323,0,0,1.2657018122895802,-1.95,-3.18,0.5694232862183637,0.2768,2
16,417.2002465198624,0,0,1.2427601662711103,-1.95,-3.18,0.5565512040034329,0.2768,2
17,401.4396043230441,0,0,1.1506378172619611,-1.95,-3.18,0.5054687085974563,0.2768,2
18,412.48126228677154,0,0,1.2148052530070952,-1.95,-3.18,0.5409464779140593,0.2768,2
19,376.2108067167075,0,0,1.010556837585712,-1.95,-3.18,0.4297559538275373,0.2768,2
20,359.4042586704617,0,0,0.9222839470143138,-1.95,-3.18,0.38335557448330493,0.2768,2
21,377.8266183620689,0,0,1.0192560882964237,-1.95,-3.18,0.4343852939125664,0.2768,2
22,400.0192863440985,0,0,1.1425101662533068,-1.95,-3.18,0.5010096171160167,0.2768,2
23,403.49026790034,0,0,1.1624233895126572,-1.95,-3.18,0.5119486426882374,0.2768,2
24,368.39673594073025,0,0,0.9690133470697385,-1.95,-3.18,0.4077868057226563,0.2768,2
25,356.7178535895713,0,0,0.9085480572765927,-1.95,-3.18,0.3762321038055859,0.2768,2
26,391.1863348494742,0,0,1.0926109848109697,-1.95,-3.18,0.4738085834205557,0.2768,2
27,381.54219380549694,0,0,1.0394015419689273,-1.95,-3.18,0.4451436340040408,0.2768,2
28,424.83619455888504,0,0,1.288668556359942,-1.95,-3.18,0.5823680099370337,0.2768,2
29,350.76150592740646,0,0,0.8784601470488986,-1.95,-3.18,0.36072276445540485,0.2768,2
