,PDYN,B0y,B0z,XIND
0,3.0,1,6.52,1.0
1,3.0,1,4.199999999999999,1.0
2,3.0,1,2.8200000000000003,1.0
3,3.0,1,4.81,1.0
4,3.0,1,2.62,1.0
5,3.0,1,2.5700000000000003,1.0
6,3.0,1,0.78,1.0
7,3.0,1,6.05,1.0
8,3.0,1,3.93,1.0
9,3.0,1,6.31,1.0
10,3.0,1,2.99,1.0
11,3.0,1,3.24,1.0
12,3.0,1,5.18,1.0
13,3.0,1,4.59,1.0
14,3.0,1,5.39,1.0
15,3.0,1,1.8,1.0
16,3.0,1,4.6899999999999995,1.0
17,3.0,1,1.4700000000000002,1.0
18,3.0,1,2.19,1.0
19,3.0,1,1.6600000000000001,1.0
20,3.0,1,0.55,1.0
21,3.0,1,0.36,1.0
22,3.0,1,0.82,1.0
23,3.0,1,3.81,1.0
24,3.0,1,0.75,1.0
25,3.0,1,2.5100000000000002,1.0
26,3.0,1,1.81,1.0
27,3.0,1,5.05,1.0
28,3.0,1,4.159999999999999,1.0
29,3.0,1,2.61,1.0
