,PDYN,B0y,B0z,XIND
0,1.1,1,2.56,1.0
1,0.72,1,-5.5,1.0
2,-1.43,1,-0.05,1.0
3,-1.89,1,-3.96,1.0
4,-0.97,1,5.45,1.0
5,-1.67,1,0.24,1.0
6,-4.91,1,2.32,1.0
7,3.62,1,0.14,1.0
8,2.83,1,-1.68,1.0
9,5.18,1,-4.17,1.0
10,9.29,1,-3.37,1.0
11,-0.41,1,1.9,1.0
12,1.09,1,-3.59,1.0
13,3.14,1,-7.74,1.0
14,-1.41,1,-0.43,1.0
15,1.52,1,-0.38,1.0
16,-5.29,1,0.87,1.0
17,0.57,1,4.33,1.0
18,-4.94,1,-1.76,1.0
19,-4.12,1,-7.8,1.0
20,1.34,1,2.27,1.0
21,-4.64,1,-7.17,1.0
22,-4.4,1,-0.77,1.0
23,-2.65,1,-3.46,1.0
24,3.52,1,-0.2,1.0
25,6.51,1,-4.28,1.0
26,2.02,1,2.08,1.0
27,-2.77,1,-0.03,1.0
28,-0.01,1,-4.26,1.0
29,-0.93,1,-2.92,1.0
